  01      0.96    259.59    275.43    270.11    290.32
  01      1.04    249.61    253.06    260.53    270.50
  01      1.33    278.89    257.97    236.10    274.30
  01      1.33    258.24    245.56    236.94    270.42    138.30
  01      1.46    252.38    253.00    239.08    274.58
  01      1.46    251.11    244.18    242.74    271.90    151.34
  01      1.54    244.65    223.36    236.30    246.32    164.06
  01      1.66                                            158.19
  01      1.78    232.21    226.65    226.20    238.54
  01      1.78    236.78    215.29    224.02    233.86    162.95    145.62    147.14    158.60
  01      1.97    200.53    196.48    214.38    217.84


  02      0.96    377.87    385.76    374.19    406.37
  02      1.04    366.73    369.82    374.44    395.06
  02      1.33    393.14    373.94    353.25    382.28
  02      1.33    367.56    368.39    348.74    384.06    235.63
  02      1.46    365.91    369.22    345.59    384.64
  02      1.46    363.34    368.95    355.51    386.84    250.03
  02      1.54    364.28    347.42    350.38    363.80    263.44
  02      1.66                                            256.50
  02      1.78    350.84    337.89    349.34    353.35
  02      1.78    352.01    330.73    338.14    347.95    263.59    247.14    249.10    255.27
  02      1.97    317.88    314.69    330.27    332.83


  03      0.96    395.68    394.06    383.68    425.65
  03      1.04    399.49    391.68    391.26    421.98
  03      1.33    397.34    392.72    374.39    398.36
  03      1.33    383.29    387.58    364.22    403.30    272.29
  03      1.46    379.19    383.42    359.57    402.52
  03      1.46    379.12    392.80    371.21    407.38    282.39
  03      1.54    373.01    379.25    364.85    380.77    279.75
  03      1.66                                            281.35
  03      1.78    369.36    354.85    366.30    369.27
  03      1.78    374.08    363.99    351.53    362.32    285.41    283.73    286.40    284.40
  03      1.97    351.82    359.09    345.41    348.12


  04      0.96    285.16    295.25    294.66    306.22
  04      1.04    273.16    280.84    282.06    287.23
  04      1.33    296.14    280.55    265.76    291.69
  04      1.33    281.15    270.75    264.74    289.92    180.03
  04      1.46    275.14    275.02    267.83    291.84
  04      1.46    276.08    267.86    270.20    287.85    190.34
  04      1.54    267.82    250.49    264.53    268.32    199.30
  04      1.66                                            193.63
  04      1.78    256.90    255.36    255.18    263.05
  04      1.78    261.47    245.13    252.98    259.75    196.91    186.42    187.62    194.18
  04      1.97    232.36    228.10    244.33    245.19


  05      0.96    250.36    264.17    260.08    278.27
  05      1.04    245.70    239.85    255.18    260.93
  05      1.33    267.88    253.98    232.99    259.60
  05      1.33    242.59    244.10    228.25    261.24    151.70
  05      1.46    246.21    244.91    232.82    256.46
  05      1.46    243.12    236.78    238.34    262.01    170.07
  05      1.54    237.22    220.14    231.13    237.35    170.42
  05      1.66                                            170.54
  05      1.78    221.94    206.87    215.90    229.08
  05      1.78    223.80    204.75    216.00    222.52    171.51    151.63    157.14    176.67
  05      1.97    191.65    190.37    205.87    208.02


  06      0.96    283.88    294.87    292.26    315.20
  06      1.04    277.88    273.71    288.40    299.96
  06      1.33    303.73    286.71    265.27    297.04
  06      1.33    278.04    278.67    263.81    297.30    186.08
  06      1.46    281.37    283.08    268.64    292.50
  06      1.46    272.76    274.91    276.71    302.01    204.98
  06      1.54    274.21    255.37    267.78    275.26    199.45
  06      1.66                                            199.98
  06      1.78    257.26    239.55    251.83    265.99
  06      1.78    258.00    238.58    249.65    257.53    204.38    184.61    191.09    205.69
  06      1.97    225.06    226.30    240.13    242.64


  07      0.96    336.20    341.34    336.65    375.34
  07      1.04    326.44    328.84    342.99    361.12
  07      1.33    361.21    349.25    324.49    359.04
  07      1.33    334.13    334.69    313.39    360.42    216.50
  07      1.46    341.69    343.51    323.34    350.10
  07      1.46    327.71    329.73    334.67    370.94    239.92
  07      1.54    327.22    306.54    321.12    336.25    242.82
  07      1.66                                            237.46
  07      1.78    313.31    285.64    303.60    323.21
  07      1.78    308.36    285.24    302.10    311.26    241.31    214.39    220.39    241.93
  07      1.97    271.47    271.79    289.60    292.68


  08      0.96    218.48    228.07    232.82    239.64
  08      1.04    208.16    214.67    222.04    219.34
  08      1.33    231.14    220.69    206.78    223.76
  08      1.33    213.81    214.86    201.06    224.24    140.62
  08      1.46    212.55    215.87    207.36    221.75
  08      1.46    215.32    209.71    208.61    222.46    157.97
  08      1.54    207.32    192.61    200.60    204.99    155.70
  08      1.66                                            152.07
  08      1.78    192.48    185.47    190.61    198.72
  08      1.78    197.02    183.09    189.50    194.81    150.68    142.62    145.19    159.12
  08      1.97    171.76    169.88    181.85    182.96


  09      0.96    264.68    282.01    274.08    295.14
  09      1.04    258.75    261.32    270.40    278.64
  09      1.33    287.05    275.34    251.43    279.30
  09      1.33    255.57    264.89    247.26    275.61    163.44
  09      1.46    265.83    268.94    252.66    274.18
  09      1.46    257.26    258.56    258.17    281.27    184.37
  09      1.54    258.21    236.73    248.15    253.84    187.40
  09      1.66                                            183.33
  09      1.78    238.32    225.25    234.39    246.01
  09      1.78    242.31    223.46    236.65    238.66    184.43    167.70    174.46    195.75
  09      1.97    208.53    207.38    224.00    224.67


  10      0.96    277.07    275.51    268.03    311.58
  10      1.04    263.66    270.62    271.92    295.77
  10      1.33    285.45    284.46    261.71    292.62
  10      1.33    257.56    264.52    245.05    294.94    140.57
  10      1.46    276.15    276.10    262.10    284.19
  10      1.46    255.23    263.22    265.26    305.49    155.07
  10      1.54    246.82    245.80    257.45    263.56    164.31
  10      1.66                                            164.73
  10      1.78    241.93    212.94    236.15    250.17
  10      1.78    227.95    218.86    234.63    239.90    171.69    142.77    152.01    180.80
  10      1.97    211.41    206.09    220.65    219.08


  11      0.96    266.73    279.75    279.50    294.50
  11      1.04    258.72    260.70    270.78    275.61
  11      1.33    286.76    272.69    253.35    280.15
  11      1.33    262.73    263.21    249.70    280.21    181.32
  11      1.46    269.10    269.17    257.54    276.90
  11      1.46    264.77    258.49    260.73    281.35    199.35
  11      1.54    256.46    239.81    252.47    259.04    204.35
  11      1.66                                            200.84
  11      1.78    244.31    230.46    237.55    252.44
  11      1.78    245.29    226.13    240.53    247.71    203.11    182.55    185.84    210.64
  11      1.97    219.26    214.89    231.36    233.56


  12      0.96    249.12    265.25    256.90    279.35
  12      1.04    242.68    247.05    253.45    260.41
  12      1.33    271.30    257.01    233.60    263.81
  12      1.33    240.81    247.12    227.61    262.79    150.85
  12      1.46    250.00    250.95    235.01    260.29
  12      1.46    244.25    240.81    239.62    265.57    168.86
  12      1.54    240.41    221.10    231.09    240.23    174.52
  12      1.66                                            171.17
  12      1.78    222.81    208.24    215.91    231.39
  12      1.78    227.13    206.74    217.64    225.83    174.31    153.45    156.46    181.40
  12      1.97    194.81    191.52    207.26    209.68


  13      0.96    258.71    261.15    254.07    296.94
  13      1.04    248.42    253.46    257.09    280.75
  13      1.33    270.72    266.50    243.29    277.20
  13      1.33    246.36    247.99    229.50    279.56    141.44
  13      1.46    260.25    258.44    244.98    271.71
  13      1.46    245.96    248.19    247.92    288.62    156.86
  13      1.54    234.00    229.33    240.17    250.22    162.80
  13      1.66                                            161.82
  13      1.78    230.46    202.82    220.50    236.44
  13      1.78    220.13    206.15    220.38    230.00    166.18    139.18    144.76    175.23
  13      1.97    201.98    194.84    208.68    208.78


  14      0.96    295.05    294.92    284.98    328.56
  14      1.04    280.50    287.45    291.76    316.53
  14      1.33    307.39    303.96    279.06    312.49
  14      1.33    284.43    279.64    265.56    317.48    163.73
  14      1.46    298.64    293.15    283.00    305.43
  14      1.46    282.50    277.40    286.68    327.92    186.17
  14      1.54    265.70    262.24    280.55    286.63    190.72
  14      1.66                                            189.47
  14      1.78    262.63    232.41    254.93    268.77
  14      1.78    247.98    235.61    255.17    261.95    192.84    162.69    171.18    200.06
  14      1.97    231.51    224.79    241.50    239.94


  15      0.96    294.23    304.08    292.41    328.60
  15      1.04    291.45    284.91    296.56    314.31
  15      1.33    316.08    306.82    288.87    311.26
  15      1.33    283.54    290.23    274.27    308.90    177.33
  15      1.46    296.11    297.10    279.53    301.60
  15      1.46    282.61    285.68    292.22    317.07    192.22
  15      1.54    279.98    272.01    275.31    279.98    201.60
  15      1.66                                            199.42
  15      1.78    266.78    242.35    260.54    272.24
  15      1.78    265.83    247.97    257.01    260.60    205.00    178.27    189.67    208.25
  15      1.97    234.93    232.53    246.10    249.08


  16      0.96    256.66    262.07    267.14    272.85
  16      1.04    243.51    250.22    255.56    254.03
  16      1.33    266.90    259.41    247.17    256.46
  16      1.33    252.49    253.63    240.12    259.40    184.41
  16      1.46    252.68    255.54    244.82    255.53
  16      1.46    255.16    248.35    247.24    257.13    203.13
  16      1.54    245.73    235.71    234.16    240.27    205.35
  16      1.66                                            199.78
  16      1.78    232.56    229.52    232.56    236.89
  16      1.78    236.36    224.79    227.61    233.61    197.78    186.64    186.39    198.14
  16      1.97    215.58    212.16    220.98    223.80


  17      0.96    256.79    274.71    270.25    287.63
  17      1.04    246.32    255.11    262.43    267.42
  17      1.33    279.42    266.64    245.15    272.80
  17      1.33    251.56    257.64    239.32    270.15    149.87
  17      1.46    258.45    262.18    246.94    268.00
  17      1.46    252.32    251.15    250.51    273.25    177.92
  17      1.54    249.52    226.96    238.66    246.03    177.69
  17      1.66                                            170.74
  17      1.78    230.31    220.13    228.59    239.78
  17      1.78    234.22    215.34    228.72    231.88    169.88    156.87    163.66    182.38
  17      1.97    200.50    198.62    216.68    215.75


  18      0.96    282.96    295.53    291.77    315.00
  18      1.04    278.60    273.64    288.93    300.51
  18      1.33    304.25    286.56    265.33    296.94
  18      1.33    278.73    278.99    262.95    299.12    185.99
  18      1.46    281.36    281.29    268.23    293.56
  18      1.46    275.94    274.04    275.84    301.81    203.04
  18      1.54    274.41    254.96    267.42    274.92    201.88
  18      1.66                                            201.90
  18      1.78    256.48    239.41    250.58    265.36
  18      1.78    259.12    238.19    251.27    258.23    203.94    183.55    188.89    206.95
  18      1.97    225.41    225.46    240.23    241.94


  19      0.96    219.41    229.29    232.63    240.20
  19      1.04    208.74    216.58    220.40    220.74
  19      1.33    226.91    219.40    207.84    223.11
  19      1.33    209.15    210.35    202.19    223.12    135.33
  19      1.46    210.32    211.61    208.71    220.61
  19      1.46    212.69    205.07    207.91    221.08    152.80
  19      1.54    202.25    190.90    202.97    202.54    157.78
  19      1.66                                            153.19
  19      1.78    191.14    185.19    192.33    198.88
  19      1.78    195.18    183.19    190.27    195.06    152.52    138.77    146.18    159.21
  19      1.97    170.57    170.07    182.57    183.40


